0.00167139
0.00162783
0.00162788
0.00162864
0.00162807
0.00162877
0.00162852
0.00163126
0.00162764
0.00162821
0.00162925
0.00162854
0.00162798
0.00162754
0.00162799
0.00162877
0.00163054
0.00162816
0.00162875
0.00162894
0.00162748
0.00162735
0.00163302
0.00162686
0.00162726
0.00162815
0.00162838
0.00162777
0.00162797
0.00162753
0.00162715
0.0016278
0.00162885
0.00162867
0.00162752
0.00163303
0.00162944
0.00162726
0.00162662
0.00162736
0.00162621
0.00162687
0.0016272
0.00162932
0.00163033
0.00162845
0.00162777
0.00162891
0.00162891
0.00162852
0.00164912
0.00167253
0.00198234
0.00197099
0.00177307
0.00167309
0.00167392
0.00165707
0.00162971
0.00163095
0.00163145
0.00163065
0.0016308
0.00162933
0.00163082
0.00162954
0.00162961
0.00163061
0.00163028
0.00163086
0.00163408
0.00162802
0.00162839
0.0016274
0.0016285
0.00163033
0.0016278
0.00162797
0.00162851
0.00162713
0.00162725
0.00162742
0.00162793
0.00162722
0.00162638
0.00162668
0.00162814
0.00162748
0.00162856
0.00162788
0.00162733
0.00162802
0.00162751
0.00162712
0.00162648
0.00162759
0.00162889
0.00162858
0.00163068
0.00162632
0.00162836
0.00162939
0.00162918
0.00162641
0.00163067
0.00163047
0.0016296
0.001627
0.001627
0.00162858
0.00162972
0.00162778
0.00162787
0.00162659
0.0016283
0.00162698
0.00163123
0.00162934
0.00162727
0.00162783
0.0016268
0.00162823
0.00162564
0.00162691
0.00162898
0.00163053
0.0016276
0.0016279
0.00162894
0.00162893
0.00162909
0.0016276
0.00162937
0.00162916
0.00162878
0.00162837
0.00162728
0.00162876
0.00162886
0.00162746
0.00162777
0.00162753
0.00162982
0.00163388
0.00162708
0.00162805
0.00162851
0.00162642
0.00162886
0.00162908
0.00162694
0.00162895
0.00162782
0.00162777
0.00162778
0.00162679
0.00162619
0.00162883
0.00162761
0.00162932
0.00162656
0.00162813
0.00162936
0.00162891
0.00162768
0.00162708
0.00162777
0.00162698
0.00162757
0.00163049
0.00162816
0.00162875
0.00162865
0.00162851
0.00162883
0.00162631
0.00162897
0.00162761
0.00162929
0.0016287
0.00162675
0.00162955
0.00162756
0.00162663
0.00162656
0.00163154
0.00162839
0.00163027
0.00162796
0.00162707
0.00162767
0.00162651
0.00162919
0.00162802
0.00162761
0.00162724
0.00162794
0.00162745
0.00162893
0.0016288
0.00162744
0.00162928
0.00162663
0.00163069
0.00162805
0.00162749
0.00162957
0.00162832
0.0016272
0.0016289
0.001627
0.00163052
0.00162793
0.00162749
0.00162713
0.00162746
0.00162849
0.0016294
0.00162906
0.00162952
0.0016286
0.00162761
0.00162785
0.00162782
0.00162913
0.00162765
0.00162781
0.00163048
0.00162769
0.00162664
0.00162742
0.00162847
0.00162834
0.00162764
0.00162789
0.00162593
0.00163078
0.00162715
0.00162865
0.00162716
0.00162663
0.00162747
0.00162836
0.00162808
0.00162817
0.00162821
0.0016284
0.00162742
0.00162925
0.00162688
0.00162722
0.00163045
0.00162753
0.00162758
0.00162712
0.00162718
0.00162726
0.00162723
0.00163022
0.00162851
0.00162849
0.00162907
0.00163185
0.00162885
0.00162745
0.00162796
0.00163832
0.0016288
0.00162817
0.00162863
0.00162858
0.00162753
0.00162859
0.00162784
0.00162771
0.00162746
0.00162893
0.0016276
0.00162761
0.00162705
0.00162816
0.00162993
0.00162743
0.00162939
0.00162915
0.00162668
0.00162841
0.00162945
0.00162959
0.00162857
0.00162854
0.00162793
0.00162961
0.00162965
0.00162758
0.00162967
0.00162743
0.00162747
0.00162856
0.00162643
0.00162835
0.00162773
0.0016289
0.00162833
0.00162817
0.00162791
0.00162761
0.00162866
0.00162654
0.00162832
0.00162888
0.00162699
0.0016287
0.00162699
0.00162827
0.00163007
0.00162807
0.0016289
0.00162682
0.00162924
0.00162804
0.00162862
0.00162893
0.00163257
0.00162929
0.00162685
0.00162919
0.0016306
0.0016268
0.00163013
0.00162955
0.00162819
0.0016276
0.00163999
0.00162964
0.00162849
0.00162867
0.0016285
0.00163012
0.00162656
0.00162809
0.00162782
0.00162786
0.00162946
0.0016283
0.00162766
0.00162778
0.00162791
0.00162657
0.00162766
0.00162736
0.0016274
0.00163972
0.00162888
0.00162747
0.0016281
0.00162846
0.00162794
0.00162695
0.00162807
0.00162914
0.00163026
0.00162848
0.00162827
0.00162788
0.00162698
0.00162835
0.00162763
0.00162759
0.0016278
0.00162979
0.00163056
0.00163007
0.0016282
0.00162721
0.00162769
0.00162931
0.00162663
0.0016291
0.00162713
0.00162943
0.00162804
0.00162866
0.0016277
0.00162818
0.00162741
0.00162939
0.00163056
0.00162665
0.0016274
0.00162915
0.00162672
0.00162649
0.00162768
0.00162704
0.00162882
0.00162686
0.00162672
0.00162889
0.00162857
0.00162724
0.00162745
0.0016281
0.00163075
0.00162852
0.00162712
0.00162704
0.00162766
0.00162741
0.00162912
0.0016265
0.00162842
0.00162953
0.00162931
0.00162833
0.00162958
0.00162844
0.00162859
0.00162958
0.00162672
0.00162934
0.00162946
0.00162766
0.00162845
0.00162834
0.0016501
0.00162802
0.0016278
0.00162767
0.00162797
0.00162877
0.00162704
0.00163118
0.00162882
0.00162699
0.00162822
0.00162713
0.00162803
0.00162685
0.00162686
0.00162826
0.00162904
0.00163143
0.00162759
0.00162764
0.00162824
0.00162719
0.0016276
0.00162742
0.00163033
0.00162739
0.00163013
0.00162845
0.00162692
0.00162788
0.00162807
0.00162855
0.00162972
0.00162781
0.00162721
0.0016273
0.0016275
0.00162827
0.00162754
0.00162722
0.00162924
0.00162846
0.00162806
0.00162687
0.00162887
0.00162773
0.00162929
0.00162766
0.00162721
0.00162868
0.00162759
0.00162689
0.00162682
0.00162981
0.00162735
0.00163034
0.00162705
0.00162875
0.00162828
0.0016272
0.00162741
0.00162785
0.001627
0.00162732
0.00162851
0.00162823
0.00162541
0.00162811
0.00162712
0.0016293
0.00162703
0.00162752
0.00163791
0.00162805
0.00162759
0.00162755
0.00162941
0.00162826
0.00162886
0.00162837
0.00162768
0.00162723
0.00162745
0.00162712
0.00164085
0.00162648
0.00162896
0.00162822
0.00162843
0.00162902
0.00162952
0.0016298
0.00162756
0.00162822
0.00162713
0.00162875
0.00162683
0.00162776
0.00162799
0.00162807
0.00162788
0.00162821
0.00162733
0.00162784
0.00162662
0.0016289
0.00162795
0.00162961
0.00162684
0.00163564
0.00162867
0.00162812
0.00162689
0.0016289
0.00162715
0.00162817
0.00162813
0.00162896
0.00162806
0.00162807
0.00162725
0.00162816
0.00162903
0.0016282
0.00162845
0.00162887
0.00162846
0.0016338
0.00163452
0.00162722
0.00162693
0.00162941
0.0016281
0.00162939
0.00162785
0.00162929
0.0016284
0.00163986
0.00162829
0.00162702
0.00162717
0.00163073
0.00162907
0.00163394
0.00162778
0.00162722
0.00162831
0.00162698
0.00162868
0.00162708
0.00162967
0.00162807
0.00162981
0.00163171
0.00162815
0.00162795
0.00165154
0.0016345
0.00162968
0.00163168
0.00162965
0.00164288
0.00162683
0.0016428
0.00162874
0.00164182
0.00165037
0.00164781
0.0016356
0.00164246
0.00162811
0.00163462
0.00164258
0.00163539
0.00164346
0.00163528
0.00163736
0.00163601
0.00163551
0.00169234
0.00165248
0.00162985
0.00162934
0.0016283
0.00162795
0.00162706
0.00162912
0.00162901
0.00162817
0.00162684
0.0016283
0.0016274
0.00162872
0.00162818
0.00162835
0.0016273
0.00162804
0.00162688
0.00162783
0.00162755
0.0016286
0.00162764
0.00162771
0.00162742
0.00162787
0.00162928
0.00162875
0.0016276
0.00162874
0.00162844
0.00162922
0.00165967
0.00162863
0.00162886
0.00163055
0.00163016
0.00162846
0.0016279
0.00162721
0.00162771
0.00162744
0.00162832
0.00162718
0.0016288
0.00163003
0.00162776
0.00162838
0.00162866
0.00163053
0.00163015
0.00162883
0.00162683
0.00162852
0.00162877
0.00162854
0.00162961
0.00162651
0.00162828
0.00162888
0.00162861
0.00162724
0.00162826
0.00162737
0.00162763
0.0016346
0.00163216
0.00162734
0.00162723
0.00163265
0.00162829
0.00162707
0.0016281
0.00162811
0.00162845
0.00162872
0.00162944
0.00162809
0.00162903
0.00163055
0.00163043
0.00162683
0.00162907
0.00162905
0.00162738
0.00162775
0.00162817
0.00162745
0.00162762
0.0016291
0.00162905
0.00162842
0.00162817
0.00162902
0.00162824
0.00162711
0.00162918
0.00162851
0.00162722
0.00162966
0.00162795
0.00162871
0.00162858
0.0016295
0.00162884
0.00162802
0.00162826
0.00162784
0.00162851
0.00162877
0.00162871
0.00162777
0.00162839
0.0016298
0.00162739
0.00162921
0.00162759
0.00162841
0.00162827
0.00162956
0.00162763
0.00162841
0.00162823
0.00162647
0.00162873
0.00162662
0.0016306
0.00163134
0.00162879
0.00162718
0.00162692
0.00162742
0.00164113
0.00162702
0.00162932
0.00164139
0.0016273
0.00162787
0.00162914
0.00162691
0.00162886
0.00162794
0.00162705
0.00162732
0.00163007
0.00162652
0.00162859
0.00162979
0.00162913
0.00162759
0.00162713
0.00162734
0.00163066
0.0016289
0.00162766
0.00162963
0.00162718
0.00162884
0.00163074
0.00162687
0.00162674
0.0016283
0.00163035
0.00162679
0.00163064
0.00162716
0.00162929
0.00162782
0.00163006
0.00162838
0.00162977
0.00162877
0.00163012
0.00162926
0.00162759
0.00162874
0.00162671
0.00162911
0.00163253
0.00162755
0.00162764
0.00162793
0.00162795
0.00162875
0.00162824
0.0016294
0.00162773
0.00162861
0.0016285
0.00162654
0.00162682
0.00162887
0.00162959
0.00162776
0.00162698
0.00162771
0.00162836
0.00162818
0.00163226
0.00162837
0.00162897
0.00162843
0.00162547
0.00162799
0.00162837
0.00162858
0.00162856
0.00162802
0.00162777
0.00162813
0.00162786
0.00162919
0.00163055
0.00162684
0.00162718
0.00162847
0.00162986
0.00162753
0.00162844
0.00162652
0.00162853
0.00163101
0.00162777
0.00162826
0.00162782
0.00162882
0.00162676
0.00162801
0.00162754
0.00162806
0.00162805
0.00162651
0.00162679
0.00162831
0.00162885
0.00162667
0.00162674
0.001628
0.00162675
0.00162821
0.00162827
0.00162733
0.00162945
0.001628
0.0016303
0.00166602
0.00162685
0.00162897
0.00162789
0.00162617
0.00162782
0.00162831
0.00162687
0.00162678
0.00162936
0.00162671
0.00162889
0.00162874
0.00162877
0.00162877
0.00162748
0.00162648
0.00162922
0.00163084
0.00162748
0.00162851
0.00162762
0.001628
0.00162868
0.00162714
0.00162717
0.0016284
0.00162649
0.00162783
0.00162831
0.00162967
0.00162807
0.00162786
0.00162895
0.00162748
0.00163354
0.00162854
0.00162924
0.00162631
0.001628
0.0016276
0.00162855
0.00162721
0.00162721
0.00162787
0.00162843
0.00163078
0.00162756
0.00162807
0.00162863
0.00163022
0.00162818
0.00162967
0.00162744
0.00162812
0.00162908
0.00163254
0.00162795
0.00162634
0.00162688
0.00162703
0.00162872
0.00162834
0.00162805
0.00162978
0.00162942
0.00162736
0.00162878
0.00162807
0.00162823
0.00162892
0.00162727
0.00162771
0.00162868
0.00163034
0.00162802
0.00162796
0.00163143
0.00162636
0.00162711
0.0016285
0.00162935
0.00163095
0.00162854
0.00162965
0.00162835
0.00162786
0.00162751
0.00162934
0.00162773
0.00162808
0.0016296
0.00163096
0.00162943
0.00162781
0.00163003
0.00162747
0.00162738
0.0016298
0.00162942
0.00162865
0.00162731
0.00162976
0.00162728
0.00162829
0.00162953
0.00163199
0.00164442
0.00162701
0.00162646
0.00162788
0.00162967
0.00162849
0.00162855
0.00162904
0.00162895
0.00162847
0.00162846
0.00162799
0.00162836
0.00162705
0.00162769
0.00162705
0.00162875
0.00162853
0.00162909
0.00163045
0.00162936
0.0016287
0.00162703
0.00162915
0.00163178
0.00162914
0.00162702
0.00162692
0.00163461
0.00162859
0.00162792
0.00162692
0.00162709
0.00162958
0.00162817
0.0016282
0.00163059
0.00162842
0.00162907
0.001629
0.00162954
0.00162742
0.0016291
0.00163183
