0.0001625
0.0001544
0.000154854
0.000155683
0.000155644
0.00015487
0.000153558
0.00015382
0.00015522
0.000154954
0.000155682
0.000154848
0.000156029
0.000155893
0.000155887
0.000156223
0.000156127
0.000156147
0.00015575
0.000157602
0.000156475
0.000155417
0.00015503
0.0001579
0.000155675
0.000156443
0.000156841
0.000157044
0.000156862
0.000156555
0.000157115
0.000157247
0.000156738
0.000156166
0.000156251
0.000157141
0.000158483
0.000157926
0.000157202
0.000157415
0.000158763
0.00015798
0.000157508
0.000158777
0.000157328
0.000156984
0.000158724
0.000158389
0.000157954
0.000157414
0.000156181
0.000158138
0.0001586
0.000159367
0.000157255
0.000158704
0.000158501
0.000158657
0.000158853
0.000158783
0.000158903
0.000157724
0.000157914
0.000158389
0.00015825
0.000158045
0.00015887
0.000159644
0.000158064
0.000157696
0.00015936
0.00015763
0.000159538
0.000158232
0.000158642
0.00015924
0.000159032
0.000158007
0.000158789
0.0001588
0.000157217
0.000159616
0.00015905
0.00015918
0.000158498
0.000158123
0.000158821
0.000159122
0.000158853
0.000159603
0.00015778
0.000158645
0.000159693
0.000158041
0.000158169
0.000157963
0.000158841
0.00015926
0.000158448
0.000160304
0.00015931
0.000158144
0.000160445
0.000158012
0.000159466
0.000159968
0.00015762
0.000158327
0.000158834
0.000157827
0.000158854
0.000159473
0.000160226
0.000158664
0.000158608
0.00015875
0.000158927
0.00015897
0.000158176
0.000159376
0.000159416
0.000160114
0.00015892
0.000160011
0.000159772
0.000158707
0.000159058
0.000159238
0.000158901
0.00016027
0.000159186
0.000159294
0.000158791
0.000159261
0.000159798
0.00015931
0.000159549
0.000158576
0.000160107
0.000159647
0.000157474
0.000159135
0.000159178
0.00015967
0.000160703
0.000158113
0.000158919
0.000159341
0.00015928
0.000157251
0.000160182
0.000159545
0.000159192
0.000158028
0.000158287
0.000159
0.000158418
0.000158026
0.00015813
0.000159826
0.000159067
0.000160231
0.000157554
0.000158684
0.000159219
0.000158451
0.000160311
0.000159829
0.000159621
0.000159072
0.000158247
0.000158092
0.000157782
0.000157647
0.000157311
0.00015762
0.000157988
0.000158342
0.000157914
0.000158277
0.000158769
0.000157495
0.000158465
0.000157927
0.000158361
0.000158594
0.000158887
0.000159739
0.000158079
0.000158485
0.000158315
0.000158031
0.000159568
0.000158926
0.000161407
0.000163539
0.000159127
0.000160077
0.000158335
0.000158471
0.000158008
0.000158587
0.000158289
0.00015851
0.000159465
0.000159093
0.000158555
0.000158626
0.000158431
0.00015907
0.00015809
0.000159356
0.000160185
0.000159937
0.000161868
0.000160688
0.000162184
0.00016017
0.000159478
0.000159105
0.000158989
0.000158528
0.000160041
0.000159861
0.000160193
0.000160796
0.000159838
0.000160707
0.000160687
0.000161108
0.000161293
0.000161726
0.000161395
0.000159663
0.000160313
0.000160974
0.000160872
0.000159943
0.000160183
0.000161264
0.000161272
0.00016046
0.000160327
0.000160633
0.000160086
0.000160859
0.000162372
0.000161287
0.000161466
0.000160189
0.00016148
0.000159584
0.000161682
0.000161579
0.000160298
0.000160495
0.000160741
0.000161469
0.000161101
0.00016117
0.000162508
0.00016153
0.000161115
0.000161538
0.000161357
0.000161469
0.000160472
0.000160819
0.00016128
0.000161713
0.00016237
0.000161936
0.000162252
0.000161389
0.000160654
0.000162508
0.000161703
0.000162167
0.000162288
0.000163846
0.0001626
0.000161635
0.000163037
0.000161155
0.000160738
0.000162323
0.000162986
0.000161483
0.000162636
0.000163044
0.00016273
0.000162443
0.000163431
0.000159856
0.000162129
0.000161746
0.000162196
0.00016195
0.000161504
0.00016128
0.000162713
0.000162515
0.000163157
0.000163151
0.000161848
0.000162595
0.000162588
0.000161863
0.000161802
0.000162358
0.00016264
0.000161406
0.000161756
0.000161995
0.000163041
0.000160605
0.000162415
0.000161801
0.000161414
0.00016252
0.000162744
0.000161991
0.000163625
0.000163891
0.000162946
0.000163052
0.000162475
0.000162232
0.000161762
0.000163054
0.000163188
0.000163816
0.00016341
0.00016234
0.000162676
0.000163054
0.000163236
0.000162457
0.000163067
0.000162976
0.000165068
0.000162916
0.000162955
0.000163127
0.000163749
0.000163209
0.000163798
0.000164458
0.000164233
0.000162956
0.000164167
0.00016362
0.000163398
0.000165219
0.000162567
0.00016449
0.000164423
0.000164512
0.000163574
0.000164096
0.000164398
0.000163425
0.0001632
0.000164013
0.000165037
0.000163791
0.000164481
0.000163745
0.000163911
0.000164881
0.000163922
0.000164662
0.000163945
0.000164991
0.000165082
0.000164776
0.000163857
0.000164183
0.000165902
0.00016442
0.000165309
0.000164957
0.000164422
0.000166672
0.000164833
0.000164741
0.000165256
0.000165241
0.0001651
0.000165314
0.000164897
0.000164149
0.000165164
0.000165053
0.00016513
0.000164868
0.000165415
0.000164373
0.000165211
0.000164907
0.000163881
0.000164865
0.000164433
0.000164365
0.000165244
0.000164408
0.000164206
0.00016598
0.000165066
0.000165851
0.000165064
0.000165947
0.000165113
0.000166443
0.00016533
0.000166731
0.000165667
0.000164078
0.000166364
0.000165216
0.000165165
0.000165682
0.000164717
0.000165818
0.000165542
0.000165468
0.000166223
0.000165838
0.000165532
0.000165645
0.000166348
0.000165481
0.000165995
0.000166839
0.000166033
0.00016512
0.000167211
0.000166066
0.000166411
0.000166086
0.000166298
0.00016751
0.00016616
0.000166462
0.000165214
0.000165388
0.000167162
0.000166894
0.000166407
0.000167184
0.000166764
0.000167133
0.000166233
0.000166202
0.000166865
0.000168285
0.000167119
0.000167239
0.000167453
0.000167771
0.000167532
0.000167315
0.000167024
0.000167053
0.000167903
0.000167085
0.000168225
0.000167997
0.000167555
0.000166552
0.000166591
0.000167275
0.000167337
0.000168692
0.000166647
0.000167408
0.000167542
0.000167412
0.000167896
0.000167175
0.00016664
0.000167309
0.000167345
0.000166453
0.000168829
0.000168126
0.000167844
0.000168463
0.000168665
0.000167853
0.000167588
0.000167381
0.000167401
0.000168758
0.000167967
0.000167469
0.000167851
0.000168198
0.000169006
0.000168484
0.000168151
0.000169556
0.000168733
0.000168895
0.000167962
0.000169445
0.00016787
0.000167358
0.000168974
0.000169453
0.000168616
0.000167833
0.000168809
0.000168344
0.000168056
0.000169513
0.000168837
0.000168921
0.000168036
0.000168039
0.000168549
0.000168233
0.000169215
0.000168721
0.000168784
0.000168028
0.000170154
0.000168423
0.000170164
0.000168628
0.000169272
0.000167939
0.000168269
0.000168545
0.000167531
0.00016907
0.000167899
0.000168417
0.000169161
0.000169229
0.000168956
0.00016896
0.000169362
0.000168769
0.00016907
0.000168254
0.000170636
0.000168722
0.000171065
0.000169281
0.000169555
0.000169999
0.000171174
0.000170101
0.000170317
0.000170239
0.000169309
0.000170274
0.000169908
0.000168994
0.000172321
0.000169243
0.000169921
0.00016967
0.000169233
0.000169367
0.000170869
0.000169384
0.000169217
0.000169352
0.000169698
0.000169516
0.000168847
0.000171159
0.000170751
0.000169097
0.000171994
0.000171055
0.000170979
0.000171223
0.000171505
0.000170329
0.000170454
0.00017017
0.000171267
0.000170003
0.000171559
0.000171414
0.000170305
0.000169313
0.000171662
0.000171431
0.000170144
0.000170092
0.000170663
0.000170707
0.000170599
0.000169571
0.000170497
0.000171095
0.00017033
0.000171817
0.000170883
0.000170906
0.000171561
0.000171437
0.000171665
0.00017128
0.000171974
0.000170832
0.000172038
0.000171085
0.000171258
0.000170727
0.00017238
0.000172796
0.000171617
0.000169792
0.00017197
0.000172414
0.00017145
0.0001725
0.000172049
0.000171722
0.000171504
0.000171187
0.000171975
0.000170955
0.000170857
0.000172874
0.000172124
0.000171266
0.000171915
0.000170649
0.000170655
0.000170854
0.000171895
0.000171196
0.000170622
0.000172187
0.000171996
0.000172021
0.000172271
0.000170165
0.000172648
0.000172665
0.000173029
0.000172601
0.000173635
0.000173419
0.000173326
0.000173449
0.000172109
0.000173181
0.000173387
0.000172673
0.000173729
0.000172567
0.000172927
0.000171458
0.000174021
0.000172656
0.000171567
0.000173188
0.000171836
0.000171861
0.000172555
0.000172869
0.000172232
0.00017177
0.000173314
0.000174503
0.000173244
0.000173093
0.000172348
0.000172868
0.000172732
0.000172713
0.000172262
0.000172293
0.000174165
0.000172106
0.000173512
0.000174192
0.000173054
0.000172989
0.000173698
0.000174036
0.000173482
0.00017334
0.000173208
0.0001752
0.000173191
0.000173955
0.000173085
0.000174616
0.000173035
0.000173857
0.000172853
0.000173677
0.000173081
0.000173314
0.000175383
0.000172493
0.000173924
0.000174378
0.000174902
0.00017417
0.000173224
0.00017378
0.000174944
0.000174904
0.000174523
0.000174275
0.000174205
0.000173563
0.000173822
0.000173996
0.000174173
0.000174574
0.00017413
0.000173745
0.00017471
0.000174085
0.000174449
0.000172618
0.000174533
0.000174934
0.000174862
0.000173629
0.000174977
0.00017418
0.000175741
0.000174478
0.000174864
0.000174237
0.000174898
0.00017565
0.000173665
0.000174794
0.000174908
0.000176225
0.000174864
0.000175207
0.000175905
0.000175657
0.000175007
0.000175375
0.000174676
0.000176285
0.000175724
0.00017477
0.000175437
0.000174844
0.000175173
0.000175848
0.000173404
0.000176541
0.000175548
0.000175488
0.000176077
0.000174411
0.000175896
0.000174894
0.000175972
0.000175856
0.000175154
0.0001765
0.000174412
0.000175611
0.000176885
0.00017478
0.000177575
0.000174692
0.000175688
0.000176697
0.000176324
0.000175534
0.000176199
0.000178486
0.000175559
0.000175297
0.000174586
0.000178047
0.000176489
0.000175871
0.000175615
0.00017633
0.000174983
0.000175829
0.000178577
0.000175875
0.000176825
0.000175708
0.00017625
0.000176489
0.000176555
0.000176039
0.000175755
0.00017562
0.000175742
0.000176161
0.000177787
0.000176043
0.000177157
0.000176468
0.000176429
0.000177591
0.000176124
0.00017587
0.000175417
0.000176774
0.000176289
0.000176764
0.000175985
0.000177654
0.000176729
0.000178502
0.000176644
0.000177293
0.00017776
0.000176466
0.000177131
0.000177332
0.000176316
0.000178073
0.000177121
0.000176069
0.000177022
0.000177036
0.00017838
0.000176994
0.000177313
0.000177434
0.000177797
0.000177443
0.0001779
0.000176666
0.000176643
0.000177276
0.000177264
0.000177119
0.000177605
0.000177713
0.000177809
0.000177622
0.000177245
0.000178061
0.000178744
0.00017803
0.000177297
0.000177772
0.000177176
0.000175485
0.000177788
0.000179033
0.000177378
0.000178969
0.000176794
0.000178163
0.000178405
0.000178238
0.000178048
0.000177579
0.000176939
0.000178903
0.000178071
0.000178325
0.000178339
0.000178155
0.000179483
0.000178847
0.000178351
0.00017815
0.00017968
0.000178521
0.000177112
0.000178569
0.000179323
0.000178385
0.000178119
0.00017813
0.000178883
0.000178694
0.000177866
0.000179747
0.000179252
0.000179796
0.000180559
0.00017832
0.00017819
0.000178727
0.000178955
0.000177951
0.00017709
0.000179423
0.000178726
0.00017996
0.000179056
0.000178856
0.000179204
0.000180268
0.000178107
0.000179718
0.000179643
0.000177997
0.000178527
0.000177623
0.000178743
0.00017885
0.000180932
0.000179766
0.000180125
0.000179632
0.000177801
0.00017924
0.000179424
0.000179883
0.000179033
0.00017941
0.000178306
0.000179165
0.000178983
0.000179852
0.000179722
0.000178109
0.000179214
0.000178619
0.000180685
0.000179916
0.000179055
0.000179589
0.000180108
0.000180091
0.000179138
0.000180622
0.000180133
0.000179009
0.0001807
0.000180228
0.000180151
0.000179097
0.000179562
0.000179055
0.000179385
0.000180057
0.000180078
0.000180601
0.000180593
0.000178717
0.000180264
0.000180153
0.000179631
0.000179845
0.000180044
0.00018138
0.00018138
0.000180518
0.000180654
0.000181865
0.000180823
0.000179414
0.000180718
0.000179917
0.000179647
0.000180767
0.000181709
0.000181508
0.000180722
0.000180196
0.000180923
0.000181196
0.000180923
0.000180112
0.000180469
0.000179874
0.000180866
0.000180899
0.000180512
0.000180672
0.000179775
0.000181928
0.000180435
0.000181072
0.000180211
0.000179976
0.000181147
0.000182604
0.000181142
0.000180865
0.000180668
0.000179647
0.000181966
0.000180899
0.000181188
0.00018088
0.000180645
0.000181497
0.000179743
0.000180937
