0.00485979
0.00479321
0.00479198
0.00479412
0.00479394
0.00479554
0.00479838
0.00479631
0.00479562
0.00479732
0.00479715
0.00479798
0.00479495
0.00479557
0.00479692
0.00479852
0.00479791
0.00479738
0.00479886
0.00480078
0.00479811
0.00479933
0.00480246
0.00479686
0.00479676
0.00479703
0.00480194
0.00480045
0.00479748
0.00479769
0.00479619
0.00480055
0.0047984
0.00480003
0.00479694
0.00480568
0.0048006
0.00479882
0.00479847
0.00479759
0.00479818
0.00479759
0.00479886
0.00480175
0.00480297
0.00479946
0.00479788
0.00480139
0.00480121
0.00480099
0.00482142
0.00484392
0.00513902
0.00511966
0.00492559
0.00483568
0.00483578
0.00482297
0.00480164
0.00480535
0.00480331
0.00480333
0.00480372
0.00480288
0.00480662
0.00480325
0.0048014
0.00480189
0.00480379
0.00480316
0.00480659
0.00479975
0.00480082
0.00479927
0.004803
0.00480287
0.00479978
0.00480342
0.00479958
0.00480253
0.00480188
0.004802
0.00479999
0.00480325
0.0047985
0.00480107
0.00480327
0.00480068
0.00479998
0.00479974
0.00480107
0.00479817
0.00480056
0.00480027
0.00480036
0.00480094
0.00480055
0.00480061
0.00480349
0.00479801
0.00480319
0.0048035
0.00480384
0.00479764
0.00480513
0.00480232
0.00480178
0.0047999
0.00479909
0.00480284
0.00480367
0.00480027
0.00480056
0.00479949
0.00479894
0.00480126
0.00480509
0.00480095
0.00479919
0.00480006
0.00479933
0.00480125
0.00479782
0.00480064
0.00480108
0.00480094
0.00480076
0.00479924
0.00480058
0.00480195
0.00480006
0.0048019
0.00480432
0.00480205
0.00479859
0.00480285
0.00479919
0.00480071
0.00480074
0.0047992
0.00479801
0.00480167
0.00480235
0.00480714
0.00479862
0.00480127
0.00480011
0.00479661
0.00479859
0.00479984
0.00479721
0.00480076
0.00480045
0.00480029
0.0048019
0.00479885
0.00479822
0.00480311
0.00479916
0.00480059
0.00479813
0.00479896
0.00480333
0.00479935
0.0047998
0.00480001
0.00479916
0.0047983
0.00480206
0.00480131
0.00479983
0.00479966
0.00479914
0.00480062
0.00480062
0.0047978
0.00479956
0.00479979
0.004804
0.00479885
0.00480001
0.00480209
0.00479731
0.00479808
0.00479707
0.00480223
0.00479749
0.00480252
0.00479845
0.00479896
0.00479843
0.00479769
0.00479945
0.00479989
0.00479636
0.00479827
0.00479853
0.00479447
0.00479936
0.00479793
0.00479793
0.00479984
0.00479641
0.00480194
0.00479778
0.00479945
0.00480186
0.00479993
0.00479711
0.00480079
0.00479552
0.00480352
0.0048004
0.00479683
0.00479662
0.00479827
0.00479823
0.00480048
0.00480048
0.0047995
0.00480059
0.0047965
0.00479848
0.00480066
0.00480059
0.0047984
0.00479793
0.0048007
0.00479808
0.00479826
0.00479822
0.00479976
0.00479936
0.00479892
0.00479713
0.00479657
0.00479963
0.004797
0.00479834
0.00479701
0.00479774
0.00479937
0.00480074
0.00479999
0.00479893
0.00479958
0.00479967
0.00479926
0.00480048
0.0047973
0.00479815
0.00480386
0.00479718
0.00479914
0.00479926
0.00480047
0.00479789
0.00479817
0.00480192
0.00479829
0.0047992
0.00480182
0.00480361
0.00479962
0.0047981
0.00479895
0.00480914
0.00479999
0.00479956
0.00479974
0.00479825
0.00479868
0.004801
0.00479904
0.00480047
0.00480257
0.00480158
0.00479992
0.00479934
0.00479749
0.00480193
0.00480263
0.0048016
0.00480222
0.00480093
0.00480303
0.00480158
0.00480156
0.00480397
0.0048031
0.00480056
0.00480161
0.00480182
0.00480506
0.00480191
0.00480596
0.00480432
0.00480398
0.00480469
0.00480161
0.00480403
0.00480313
0.00480465
0.00480304
0.00480365
0.0048035
0.00480064
0.00480408
0.00480183
0.00480347
0.00480417
0.00480007
0.00480439
0.00480209
0.0048029
0.00480674
0.00480291
0.00480424
0.0047995
0.00480384
0.0048037
0.00480269
0.00480556
0.00480467
0.00480557
0.00480186
0.00480513
0.00480521
0.00480292
0.00480442
0.00480427
0.00480384
0.00480412
0.00481376
0.00480874
0.00480476
0.00480464
0.00480496
0.00480515
0.00480228
0.00480344
0.00480382
0.00480413
0.00480615
0.00480441
0.00480362
0.00480413
0.00480479
0.00480517
0.0048052
0.00480302
0.00480467
0.004816
0.00480649
0.00480281
0.00480616
0.00480404
0.00480416
0.00480244
0.00480585
0.00480641
0.00480724
0.00480655
0.00480735
0.00480651
0.00480409
0.00480551
0.00480484
0.0048065
0.00480788
0.00480785
0.00481006
0.00480744
0.00480502
0.0048061
0.00480544
0.00480835
0.0048066
0.00480891
0.00480518
0.00480782
0.00480789
0.00480856
0.00480523
0.00480764
0.00480791
0.0048084
0.00481021
0.00480651
0.00480618
0.00480809
0.00480783
0.00480533
0.0048077
0.00480783
0.00480895
0.00480704
0.00480873
0.00481089
0.00480787
0.00480818
0.00480812
0.0048115
0.00481419
0.00481221
0.00480792
0.00480887
0.00480866
0.00480849
0.00481162
0.00480736
0.00480918
0.00481272
0.0048096
0.00481008
0.00481155
0.00481114
0.0048104
0.00481189
0.00481044
0.00480938
0.00481246
0.00481159
0.00481124
0.0048127
0.00483428
0.00481223
0.00480875
0.00481043
0.00480977
0.00481223
0.00481129
0.00481288
0.00481094
0.00480922
0.00481068
0.00480944
0.00481144
0.00481121
0.00480914
0.00481236
0.00481056
0.00481708
0.00481022
0.00481143
0.00481317
0.00481249
0.00481487
0.00481266
0.00481473
0.00481271
0.00481518
0.0048132
0.00481117
0.00481316
0.00481295
0.00481559
0.00481632
0.00481274
0.00481365
0.00481409
0.00481381
0.00481469
0.00481233
0.00481358
0.00481678
0.00481587
0.00481353
0.0048126
0.0048175
0.00481456
0.00481702
0.00481631
0.00481727
0.00481561
0.00481605
0.00481601
0.0048158
0.00481722
0.00481498
0.00481979
0.00481697
0.0048176
0.00481761
0.00481572
0.00481653
0.00481519
0.00481565
0.00481832
0.0048183
0.00481753
0.0048171
0.00481989
0.00481907
0.00482223
0.00481693
0.00481629
0.00482793
0.00481859
0.00482007
0.00481757
0.00481841
0.00482172
0.004821
0.00481994
0.00481657
0.00481887
0.00481833
0.00481928
0.00483123
0.00481674
0.00482096
0.00481837
0.00481948
0.00482263
0.00482162
0.00482324
0.00481891
0.00482253
0.00482074
0.00482297
0.0048198
0.00482215
0.00482229
0.00482114
0.00482265
0.00482167
0.00482184
0.00482082
0.00482106
0.00482555
0.00482464
0.00482566
0.00482108
0.00483294
0.00482339
0.00482552
0.00482202
0.00482271
0.00482342
0.004826
0.00482495
0.00482668
0.00482588
0.00482469
0.00482514
0.00482502
0.00482688
0.00482728
0.00482525
0.0048268
0.0048272
0.00483138
0.0048309
0.00482607
0.00482723
0.00482898
0.00482403
0.00482773
0.00482682
0.00482754
0.00482586
0.00483681
0.00482743
0.00482601
0.00482859
0.00483212
0.00483018
0.00483242
0.00482682
0.00482903
0.00482889
0.00482608
0.00482875
0.00482732
0.00482997
0.00482746
0.00482949
0.0048349
0.0048302
0.00482856
0.00485298
0.00486552
0.00487395
0.00487138
0.00486518
0.00486912
0.0048698
0.00486934
0.00486983
0.00487506
0.00486182
0.00487419
0.0048797
0.00487194
0.00487046
0.0048697
0.00486128
0.00487182
0.00487135
0.00487108
0.00487574
0.00487595
0.00486489
0.0049309
0.00487373
0.00483365
0.00483638
0.00483606
0.00483442
0.00483501
0.00483539
0.00483548
0.00483449
0.00483337
0.00483554
0.00483278
0.00483676
0.00483716
0.00483453
0.00483606
0.00483797
0.00483463
0.00483386
0.00483469
0.00483613
0.00483775
0.00483884
0.00483873
0.0048369
0.0048402
0.00483969
0.00483889
0.00483993
0.00484071
0.00484055
0.00487155
0.00484025
0.00484102
0.00484263
0.00484237
0.00484041
0.00483933
0.00484047
0.00483971
0.00483791
0.00484105
0.00483937
0.00484243
0.0048436
0.00484001
0.00484091
0.00484174
0.00484381
0.00484469
0.00484196
0.00483895
0.00484324
0.0048428
0.00484422
0.00484549
0.0048419
0.00484195
0.00484218
0.0048441
0.00484231
0.00484476
0.00484387
0.00484133
0.0048494
0.00484776
0.0048435
0.0048432
0.00484733
0.00484452
0.00484283
0.00484425
0.00484372
0.00484445
0.00484593
0.0048484
0.00484479
0.00484664
0.00484804
0.00484941
0.00484477
0.00484914
0.00484692
0.00484716
0.00484869
0.00484893
0.00484504
0.00484635
0.00484724
0.00484906
0.00484825
0.00484605
0.00485015
0.00484894
0.00484778
0.00485008
0.00484749
0.00484965
0.00485222
0.00484821
0.00485105
0.00484988
0.0048514
0.00485071
0.00485125
0.00485087
0.00485021
0.00485185
0.00485321
0.00485128
0.00485253
0.00485135
0.0048534
0.00485009
0.00485198
0.00485168
0.00485327
0.00485223
0.00485181
0.00485171
0.00485282
0.00485429
0.00485306
0.00485339
0.00485129
0.00485732
0.00485639
0.0048551
0.00485334
0.00485476
0.00485507
0.00486914
0.00485513
0.00485752
0.00486632
0.00485606
0.00485643
0.00485734
0.00485467
0.00485687
0.00485645
0.00485632
0.00485549
0.00486025
0.00485718
0.00485912
0.00485988
0.00485967
0.00485804
0.00485949
0.00485792
0.00486045
0.00485872
0.0048588
0.00486031
0.00485922
0.00486116
0.00486241
0.00485962
0.00485873
0.0048602
0.00486436
0.00485849
0.00486483
0.00485995
0.00486337
0.00486289
0.00486413
0.00486244
0.00486461
0.00486326
0.0048651
0.00486457
0.00486283
0.00486334
0.00486208
0.00486712
0.00486677
0.00486484
0.00486499
0.00486339
0.00486319
0.00486517
0.0048663
0.00486738
0.00486495
0.00486538
0.00486645
0.00486595
0.00486507
0.00486836
0.00486772
0.00486788
0.00486656
0.0048663
0.00486848
0.00486856
0.00487194
0.00486917
0.00486887
0.00486995
0.00486523
0.00486869
0.00487029
0.00486938
0.00487006
0.00487089
0.00486903
0.00486894
0.00487059
0.00487201
0.0048732
0.00487044
0.0048702
0.00487124
0.0048721
0.00487156
0.00487148
0.00487063
0.00487302
0.00487538
0.00487441
0.00487272
0.00487308
0.00487261
0.00487155
0.00487306
0.00487351
0.00487293
0.00487487
0.00487106
0.00487248
0.00487129
0.00487442
0.00487347
0.00487407
0.00487533
0.00487463
0.0048752
0.00487699
0.00487527
0.00487659
0.00487663
0.00488067
0.00491583
0.00487406
0.00487725
0.00487536
0.00487491
0.00487681
0.00487799
0.00487729
0.00487728
0.00487955
0.00487857
0.00487725
0.00487913
0.00488005
0.00487972
0.00488005
0.00487831
0.0048823
0.00488225
0.00487953
0.0048805
0.0048801
0.00488222
0.00488247
0.00488076
0.00488151
0.00488305
0.00488127
0.00488368
0.00488435
0.00488234
0.00488257
0.00488277
0.00488455
0.00488361
0.00488735
0.00488353
0.00488483
0.00488321
0.00488534
0.00488536
0.00488576
0.00488503
0.00488425
0.00488647
0.00488617
0.00488941
0.00488314
0.00488658
0.00488622
0.00488879
0.00488729
0.00488992
0.00488544
0.00488687
0.0048878
0.00489243
0.00488862
0.00488706
0.00488646
0.00488796
0.00489035
0.00489085
0.00488898
0.00489154
0.00488996
0.00488802
0.00488929
0.00488941
0.00488792
0.00489235
0.00488922
0.0048939
0.00489048
0.00489475
0.00489277
0.00489194
0.00489719
0.00489283
0.00489156
0.00489402
0.00489525
0.00489704
0.00489518
0.00489629
0.00489466
0.00489416
0.00489297
0.00489615
0.00489608
0.00489649
0.00489817
0.00489969
0.00489604
0.00489684
0.00489679
0.00489482
0.00489552
0.00489768
0.00489754
0.00489773
0.00489704
0.00489968
0.00489776
0.00489898
0.00490091
0.00490371
0.00491542
0.0048984
0.00489693
0.00489992
0.00490251
0.00490043
0.00490047
0.0049012
0.00490028
0.0049011
0.00490103
0.00490258
0.00490145
0.00490181
0.00490366
0.00489886
0.00490309
0.00490362
0.00490211
0.00490533
0.00490571
0.00490593
0.00490182
0.00490489
0.00490643
0.00490477
0.00490413
0.00490381
0.0049119
0.00490726
0.0049056
0.00490415
0.00490401
0.00490731
0.00490728
0.00490704
0.00491065
0.00490789
0.00491046
0.00491071
0.00490864
0.00490794
0.00490902
0.00491056
